0,3,0,0,0,0,40,2.785,1
1,3,228,385,490,490,40,0.768,1
2,3,503,488,490,220,40,0.801,1
3,3,491,215,400,220,40,0.682,1
4,3,400,214,310,400,40,0.665,1
5,3,327,368,490,490,40,0.668,1
6,3,488,472,310,400,40,0.6,1
7,3,351,420,310,220,40,0.65,1
8,3,310,200,490,400,40,0.699,1
9,3,488,386,220,490,40,0.799,1
10,3,206,499,220,400,40,0.666,1
11,3,191,398,310,310,40,0.668,1
12,3,309,315,220,220,40,0.6,1
13,3,204,204,220,490,40,0.716,1
14,3,208,478,400,400,40,0.649,1
15,3,393,400,310,310,40,0.534,1
16,3,308,312,490,310,40,0.699,1
17,3,496,316,400,220,40,0.617,1
18,3,420,234,310,400,40,0.653,1
19,3,296,409,490,490,40,0.63,1
20,3,478,481,310,400,40,0.62,1
21,3,336,412,400,490,40,0.602,1
22,3,391,466,310,490,40,0.761,1
23,3,314,495,400,400,40,0.65,1
24,3,390,425,490,310,40,0.572,1
25,3,481,325,310,490,40,0.633,1
26,3,332,515,310,400,40,0.549,1
27,3,314,395,400,400,40,0.45,1
28,3,396,404,490,310,40,0.648,1
29,3,472,322,490,310,40,0.8,1
30,3,472,314,220,490,40,0.753,1
31,3,223,486,220,310,40,0.781,1
32,3,230,325,400,490,40,0.634,1
33,3,403,479,490,490,40,0.633,1
34,3,490,503,310,400,40,0.619,1
35,3,306,392,220,400,40,0.681,1
36,3,221,386,220,220,40,0.618,1
37,3,219,233,220,400,40,0.702,1
38,3,189,405,490,310,40,0.753,1
39,3,487,320,490,490,40,0.599,1
40,3,499,486,400,310,40,0.633,1
41,3,399,321,400,490,40,0.582,1
42,3,414,499,310,400,40,0.633,1
43,3,305,395,490,400,40,0.551,1
44,3,468,399,220,220,40,0.683,1
45,3,233,224,490,310,40,0.767,1
46,3,477,297,490,220,40,0.599,1
47,3,500,239,310,220,40,0.701,1
48,3,315,211,220,490,40,0.666,1
49,3,229,488,220,490,40,0.682,1
50,3,227,486,310,220,40,0.771,1
51,3,307,225,400,310,40,0.592,1
52,3,398,320,400,220,40,0.591,1
53,3,404,210,400,490,40,0.785,1
54,3,396,478,310,490,40,0.682,1
55,3,321,492,400,400,40,0.8,1
56,3,387,420,220,400,40,0.594,1
57,3,229,400,220,400,40,0.701,1
58,3,222,403,400,490,40,0.666,1
59,3,378,474,490,400,40,0.717,1
60,3,495,414,490,490,40,0.634,1
61,3,521,493,220,310,40,0.749,1
62,3,225,327,310,310,40,0.65,1
63,3,310,301,220,400,40,0.6,1
64,3,190,392,310,220,40,0.642,1
65,3,296,214,400,310,40,0.553,1
66,3,402,318,220,400,40,0.549,1
67,3,214,392,220,220,40,0.614,1
68,3,213,216,400,400,40,0.717,1
69,3,399,398,310,310,40,0.536,1
70,3,313,305,220,490,40,0.596,1
71,3,223,520,310,220,40,0.602,1
72,3,302,199,310,490,40,0.65,1
73,3,319,520,490,220,40,0.669,1
74,3,481,227,490,490,40,0.611,0
75,3,487,538,310,220,40,0.752,1
76,3,318,203,490,400,40,0.666,1
77,3,474,387,400,220,40,0.598,1
78,3,391,202,310,310,40,0.548,1
79,3,308,322,490,490,40,0.706,1
80,3,502,477,220,490,40,0.796,1
81,3,208,472,400,490,40,0.953,1
82,3,421,483,310,220,40,0.748,1
83,3,294,211,490,310,40,0.823,1
84,3,498,302,220,490,40,0.83,1
85,3,219,496,220,220,40,0.914,1
86,3,231,213,400,310,40,0.631,1
87,3,437,309,310,220,40,0.774,1
88,3,312,207,490,310,40,0.622,1
89,3,480,288,490,400,40,0.649,1
90,3,488,411,220,310,40,0.8,1
91,3,224,289,490,400,40,0.834,1
92,3,486,404,400,400,40,0.835,1
93,3,375,398,490,310,40,0.649,1
94,3,507,312,310,310,40,0.581,1
95,3,295,311,400,220,40,0.636,1
96,3,403,202,220,310,40,0.634,1
97,3,228,304,220,310,40,0.784,1
98,3,219,311,400,220,40,0.615,1
99,3,397,206,220,220,40,0.62,1
100,3,237,236,400,490,40,0.831,1
101,3,397,470,400,220,40,0.716,1
102,3,403,202,400,220,40,0.668,1
103,3,394,229,310,310,40,0.649,1
104,3,309,315,220,310,40,0.733,1
105,3,219,308,310,400,40,0.829,1
106,3,306,414,490,220,40,0.665,1
107,3,491,217,400,310,40,0.606,1
108,3,381,327,220,400,40,0.843,1
109,3,233,380,490,220,40,0.495,0
110,3,190,401,400,490,40,0.97,1
111,3,381,504,310,220,40,0.802,1
112,3,319,215,220,400,40,0.595,1
113,3,217,415,490,220,40,0.891,1
114,3,489,205,400,310,40,0.86,1
115,3,397,324,490,400,40,0.736,1
116,3,491,412,310,490,40,0.516,1
117,3,276,486,310,310,40,0.516,1
118,3,308,320,400,220,40,0.682,1
119,3,403,213,490,220,40,0.584,1
120,3,471,220,490,490,40,0.801,1
121,3,481,472,310,220,40,0.683,1
122,3,326,230,310,220,40,0.716,1
123,3,319,223,400,490,40,0.683,1
124,3,421,491,220,490,40,0.72,1
125,3,219,493,220,310,40,0.649,1
126,3,221,309,220,490,40,0.965,1
127,3,216,495,220,490,40,0.509,1
128,3,214,503,400,220,40,0.783,1
129,3,401,234,400,490,40,0.673,1
130,3,410,503,400,400,40,0.702,1
131,3,404,403,310,490,40,0.625,1
132,3,314,490,400,400,40,0.632,1
133,3,391,410,400,310,40,0.596,1
134,3,404,301,310,490,40,0.617,1
135,3,335,505,220,310,40,0.735,1
136,3,229,331,220,220,40,0.657,1
137,3,214,219,220,220,40,0.89,1
138,3,214,226,490,490,40,0.751,1
139,3,490,486,310,490,40,0.604,1
140,3,300,506,220,220,40,0.701,1
141,3,217,209,490,400,40,0.75,1
142,3,493,402,310,310,40,0.725,1
143,3,327,317,400,220,40,0.634,1
144,3,406,225,400,490,40,0.77,1
145,3,392,477,220,310,40,0.836,1
146,3,225,304,310,400,40,0.911,1
147,3,295,405,220,220,40,1.004,1
148,3,233,233,400,310,40,0.783,1
149,3,405,326,490,490,40,0.891,1
150,3,489,488,400,310,40,0.716,1
151,3,419,322,400,400,40,0.666,1
152,3,402,411,400,220,40,0.566,1
153,3,402,204,310,220,40,0.583,1
154,3,304,231,310,400,40,0.681,1
155,3,318,383,220,310,40,0.668,1
156,3,182,330,310,220,40,0.668,1
157,3,317,237,220,220,40,0.732,1
158,3,207,227,310,490,40,0.669,1
159,3,303,470,400,310,40,0.583,1
160,3,395,308,400,310,40,0.515,1
161,3,410,315,310,490,40,0.633,1
162,3,331,482,310,220,40,0.601,1
163,3,305,191,490,490,40,0.819,1
164,3,472,484,400,400,40,0.813,1
165,3,411,416,400,220,40,0.582,1
166,3,391,225,220,220,40,0.7,1
167,3,228,204,490,490,40,0.883,1
168,3,493,523,490,400,40,0.92,1
169,3,489,418,220,220,40,0.804,1
170,3,229,217,220,220,40,0.861,1
171,3,245,232,490,220,40,0.804,1
172,3,502,237,310,400,40,0.753,1
173,3,308,427,490,220,40,0.697,1
174,3,485,238,400,310,40,0.62,1
175,3,393,299,400,400,40,0.615,1
176,3,417,413,220,490,40,0.655,1
177,3,216,475,310,400,40,0.823,1
178,3,307,397,400,490,40,0.87,1
179,3,390,499,490,220,40,0.736,1
180,3,490,226,310,310,40,0.749,1
181,3,307,306,310,490,40,0.602,1
182,3,321,485,220,490,40,0.728,1
183,3,209,514,490,220,40,0.715,1
184,3,495,205,220,400,40,0.685,1
185,3,204,393,400,400,40,0.648,1
186,3,401,384,400,400,40,0.615,1
187,3,412,404,310,490,40,0.554,1
188,3,301,507,220,400,40,0.6,1
189,3,247,402,220,400,40,0.539,1
190,3,225,404,310,310,40,0.633,1
191,3,309,315,310,400,40,0.637,1
192,3,318,410,400,220,40,0.616,1
193,3,395,227,310,310,40,0.66,1
194,3,298,311,490,490,40,0.912,1
195,3,473,489,220,310,40,0.785,1
196,3,216,310,310,400,40,0.801,1
197,3,304,396,400,220,40,0.737,1
198,3,404,217,490,310,40,0.831,1
199,3,484,306,400,490,40,0.685,1
200,3,402,476,490,400,40,0.665,1
201,3,494,419,220,220,40,0.65,1
202,3,197,240,220,490,40,0.784,1
203,3,207,503,400,490,40,0.819,1
204,3,402,486,490,400,40,0.748,1
205,3,482,403,490,490,40,0.684,1
206,3,502,492,220,400,40,0.684,1
207,3,216,396,310,400,40,0.819,1
208,3,301,390,490,490,40,0.701,1
209,3,498,486,490,220,40,0.681,1
210,3,489,229,400,490,40,0.732,1
211,3,411,492,310,310,40,0.771,1
212,3,310,327,310,310,40,1.073,1
213,3,315,312,490,310,40,0.721,1
214,3,500,304,490,400,40,0.689,1
215,3,485,407,490,310,40,0.688,1
216,3,487,301,490,490,40,0.607,1
217,3,490,459,400,310,40,0.805,1
218,3,379,292,220,490,40,0.613,1
219,3,231,454,220,220,40,0.778,1
220,3,222,228,310,490,40,0.854,1
221,3,304,493,400,400,40,0.707,1
222,3,382,412,400,400,40,0.609,1
223,3,400,400,400,220,40,0.591,1
224,3,401,230,400,490,40,0.692,1
225,3,397,516,310,310,40,0.667,1
226,3,330,308,490,490,40,0.697,1
227,3,483,458,490,310,40,0.673,1
228,3,476,300,220,400,40,0.759,1
229,3,243,399,220,490,40,0.512,1
230,3,222,474,490,310,40,0.703,1
231,3,495,318,220,220,40,0.702,1
232,3,181,220,310,400,40,0.593,1
233,3,320,402,220,490,40,0.699,1
234,3,209,495,490,310,40,0.683,1
235,3,482,326,310,490,40,0.682,1
236,3,286,507,400,310,40,0.664,1
237,3,414,310,310,310,40,0.639,1
238,3,307,313,490,220,40,0.603,1
239,3,488,202,220,400,40,0.693,1
240,3,204,396,490,220,40,0.839,1
241,3,466,194,490,220,40,0.915,1
242,3,482,233,490,310,40,0.796,1
243,3,510,323,310,400,40,0.583,1
244,3,304,392,400,310,40,0.698,1
245,3,380,305,310,310,40,0.609,1
246,3,292,299,310,490,40,0.849,1
247,3,319,491,400,400,40,0.662,1
248,3,391,408,400,310,40,0.533,1
249,3,411,285,310,220,40,0.745,1
250,3,311,208,490,400,40,0.698,1
251,3,467,384,310,220,40,0.722,1
252,3,309,238,220,310,40,0.621,1
253,3,218,322,400,220,40,0.61,1
254,3,380,211,400,490,40,0.856,1
255,3,403,483,220,220,40,0.653,1
256,3,206,200,400,310,40,0.639,1
257,3,400,312,490,400,40,0.775,1
258,3,512,413,490,220,40,0.61,1
259,3,488,243,400,490,40,0.791,1
260,3,408,483,220,310,40,0.702,1
261,3,226,332,220,490,40,0.665,1
262,3,224,486,400,220,40,0.742,1
263,3,408,227,400,400,40,0.698,0
264,3,417,447,220,400,40,0.835,1
265,3,249,402,220,310,40,0.72,1
266,3,190,337,490,400,40,0.724,1
267,3,449,402,310,490,40,0.628,1
268,3,327,493,220,490,40,0.696,1
269,3,212,488,400,490,40,0.669,1
270,3,394,495,310,490,40,0.492,1
271,3,318,491,220,400,40,0.66,1
272,3,234,418,310,490,40,0.627,1
273,3,320,485,400,220,40,0.85,1
274,3,388,250,490,400,40,0.874,1
275,3,494,403,220,490,40,0.776,1
276,3,211,503,310,400,40,0.676,1
277,3,302,396,400,220,40,0.633,1
278,3,407,232,310,220,40,0.805,1
279,3,315,234,490,400,40,0.716,1
280,3,484,382,220,310,40,0.803,1
281,3,206,308,220,310,40,1.152,1
282,3,220,316,490,400,40,0.675,1
283,3,513,402,490,490,40,0.589,1
284,3,509,499,220,310,40,0.702,1
285,3,211,305,490,310,40,0.786,1
286,3,500,331,310,310,40,0.716,1
287,3,316,299,490,400,40,0.77,1
288,3,469,400,220,310,40,0.716,1
289,3,188,319,490,400,40,0.685,1
290,3,490,411,490,220,40,0.629,1
291,3,494,209,400,490,40,0.766,1
292,3,428,513,490,220,40,0.789,1
293,3,484,200,310,490,40,0.697,1
294,3,328,505,220,310,40,0.786,1
295,3,232,311,310,310,40,0.744,1
296,3,307,317,400,310,40,0.54,1
297,3,395,312,310,490,40,0.631,1
298,3,336,458,220,220,40,0.751,1
299,3,200,204,310,400,40,0.709,1
300,3,318,402,490,220,40,0.621,1
301,3,523,200,490,310,40,0.682,1
302,3,478,324,310,220,40,0.679,1
303,3,295,196,310,220,40,1.245,1
304,3,311,224,400,400,40,0.828,1
305,3,395,407,490,310,40,0.643,1
306,3,501,303,400,400,40,0.632,1
307,3,427,392,490,310,40,0.758,1
308,3,494,341,400,400,40,0.614,1
309,3,402,398,310,400,40,0.691,1
310,3,317,399,310,310,40,0.632,1
311,3,324,312,220,400,40,0.68,1
312,3,223,390,400,310,40,0.611,1
313,3,396,313,400,310,40,0.597,1
314,3,411,312,490,490,40,0.847,1
315,3,497,500,220,220,40,0.875,1
316,3,208,209,220,310,40,0.855,1
317,3,227,328,310,220,40,1.002,1
318,3,311,212,490,220,40,0.596,1
319,3,490,223,220,400,40,0.718,1
